807
16 22 67 69 68 66 12 73 92 65 26 19 58 70 56 30 2 80 13 78 100 50 35 77 33 60 71 93 49 1 86 75 41 83 25 3 7 90 36 52 10 27 61 59 63 74 64 39 31 34 38 4 88 46 55 18 37 51 97 8 89 29 79 20 87 24 91 54 21 5 17 96 47 9 44 62 32 98 40 99 42 76 72 45 94 48 95 14 85 28 82 53 81 57 84 6 23 15 43 11
708
55 10 3 44 79 62 88 82 80 22 73 84 96 23 42 60 53 58 26 99 12 13 85 15 91 65 92 78 59 81 67 86 2 9 83 28 4 76 95 52 64 68 94 27 87 72 57 33 14 74 97 46 50 90 45 16 36 19 93 37 25 7 98 39 77 66 47 20 38 11 43 5 89 29 31 71 8 40 32 35 54 21 63 6 75 61 69 34 24 17 30 51 41 18 1 100 49 70 56 48
801
73 88 4 10 84 78 94 49 99 51 52 23 61 14 17 85 96 75 59 70 46 26 54 5 57 25 55 50 39 68 60 77 81 43 80 37 62 44 2 36 35 7 72 31 27 79 32 24 34 21 28 83 19 89 97 22 74 66 76 30 1 48 47 8 67 90 82 64 91 42 15 6 98 33 63 87 41 92 18 45 12 9 16 38 11 69 40 65 71 86 29 93 56 20 3 100 95 53 13 58
702
77 7 73 4 74 10 68 70 78 19 22 86 85 41 47 12 55 38 11 36 21 8 82 91 48 1 5 37 64 79 58 75 81 80 96 33 61 26 43 13 45 93 32 83 76 2 100 25 71 35 40 24 46 62 49 87 53 28 31 56 67 90 14 50 23 30 39 65 15 27 92 52 69 59 44 51 88 16 34 97 89 42 29 57 98 54 95 20 6 84 66 9 72 94 18 63 17 60 99 3
716
79 40 9 43 11 41 70 71 1 18 65 12 56 23 74 2 86 17 34 82 66 81 77 63 25 68 10 62 4 75 78 51 100 96 46 53 33 54 16 72 98 84 24 99 44 60 26 29 85 13 59 61 64 30 32 36 37 89 38 67 83 15 20 39 97 21 42 88 76 31 27 3 47 6 48 58 73 69 45 35 80 8 87 7 49 50 55 91 90 52 92 5 14 94 19 93 95 22 28 57
724
59 3 31 21 24 18 63 82 20 76 13 60 72 79 77 48 39 19 37 41 70 14 53 5 29 68 6 56 61 17 51 47 73 57 50 9 97 89 55 26 22 2 32 71 64 84 12 81 58 33 10 38 100 34 78 25 69 98 1 92 88 95 93 7 87 49 42 66 90 43 94 86 28 91 8 65 46 36 85 83 44 54 11 99 74 15 96 62 45 16 75 52 80 67 35 23 4 40 27 30
756
25 22 30 20 4 84 54 94 39 90 29 80 43 9 17 46 79 86 11 55 16 12 77 27 67 33 61 85 70 42 52 31 92 37 100 49 47 45 2 74 87 69 63 95 78 40 18 57 59 88 24 72 65 21 1 96 23 58 71 7 89 97 73 28 75 68 35 32 53 3 51 64 15 14 34 81 48 41 5 19 44 56 60 26 62 76 93 91 8 10 13 36 98 50 38 66 82 6 83 99
796
58 84 18 49 19 72 56 33 70 57 76 100 68 17 95 51 65 10 46 24 96 44 82 64 90 13 47 16 77 83 53 86 20 12 60 59 5 35 11 80 27 73 97 99 26 48 92 94 74 61 2 14 42 3 32 21 4 30 62 71 78 67 25 29 81 98 75 39 23 1 89 43 36 63 66 79 40 38 28 37 88 55 45 15 22 93 85 91 9 7 54 50 34 31 41 52 8 87 6 69
774
85 55 49 90 78 56 86 48 24 74 15 72 75 79 39 46 42 99 65 10 38 25 21 30 7 80 91 43 54 97 45 16 71 57 6 88 94 19 2 89 52 62 35 12 31 23 47 41 22 4 98 95 67 29 92 81 27 33 3 66 13 77 64 17 1 60 36 84 69 5 76 70 34 26 73 83 68 8 58 44 50 82 96 63 20 37 32 28 61 87 53 40 51 100 11 93 18 14 9 59
781
37 20 44 81 65 98 49 34 72 27 57 2 17 38 13 10 88 5 66 70 22 36 25 18 9 23 84 77 56 83 67 12 74 95 46 31 41 47 8 63 19 69 99 15 92 93 75 73 53 50 61 3 28 40 89 86 76 80 85 11 1 48 4 30 87 33 91 71 58 79 26 96 55 52 29 32 16 62 64 39 43 82 42 94 68 21 59 90 97 100 60 35 54 24 7 6 51 45 14 78
786
35 39 18 97 31 56 58 19 85 8 24 10 88 9 86 92 60 61 52 12 81 13 4 17 42 38 96 80 90 20 68 33 77 25 23 82 21 64 30 22 70 69 49 14 59 40 16 95 78 74 37 75 47 72 7 89 83 29 36 73 27 1 54 26 44 28 3 2 11 5 76 71 65 63 46 51 50 93 43 41 55 66 84 94 57 45 6 79 98 62 48 34 100 53 99 67 32 91 87 15
762
93 3 67 87 30 41 24 83 15 75 49 98 78 32 69 95 58 39 74 59 54 80 43 18 50 72 22 51 1 90 91 100 63 33 76 34 12 56 88 52 73 48 60 20 62 14 7 40 29 10 81 47 57 65 85 46 70 27 94 53 44 11 96 36 97 66 86 68 6 21 16 99 26 38 5 64 84 19 71 31 92 89 82 13 17 35 4 28 61 9 2 37 42 8 23 45 79 25 55 77
937
39 14 2 70 24 98 45 32 18 17 53 12 79 73 83 6 76 13 96 68 89 42 47 46 41 25 34 8 9 60 22 48 7 80 88 5 37 94 74 21 77 86 69 1 51 81 62 92 23 29 16 87 11 61 59 71 93 56 99 100 40 55 49 19 91 3 33 26 54 72 31 57 50 85 35 78 58 38 52 90 28 30 95 97 44 65 75 67 64 84 10 15 36 63 4 27 43 82 66 20
760
47 32 3 9 39 61 16 80 76 15 36 89 66 29 87 35 46 5 8 86 97 28 90 17 94 71 43 64 96 53 23 11 49 24 79 95 41 4 92 100 72 65 48 33 2 56 82 67 60 51 98 69 75 58 31 1 34 22 30 54 40 14 6 12 81 37 85 20 62 50 44 78 45 57 27 73 74 99 19 42 25 68 91 84 93 77 10 83 18 63 88 38 55 52 13 59 26 70 7 21
756
94 13 28 57 49 11 61 80 15 55 64 38 2 68 88 6 53 39 73 79 71 52 21 31 85 17 77 36 33 45 5 58 87 1 96 23 66 60 50 12 22 72 20 47 54 93 82 43 98 4 65 37 70 25 76 95 35 99 92 89 8 63 100 16 7 18 56 74 27 59 26 24 62 14 84 30 3 75 90 86 78 40 9 48 44 29 34 81 91 46 97 32 67 69 83 42 41 19 51 10
725
46 90 56 53 4 37 6 79 5 95 49 15 45 13 55 25 85 51 65 43 86 9 61 88 66 83 8 87 17 18 58 22 52 27 91 7 34 28 39 67 80 41 89 69 68 36 16 1 2 24 72 31 81 75 76 82 99 26 32 35 38 23 59 44 71 94 84 48 98 29 14 30 96 70 78 47 73 77 19 33 97 74 63 50 57 100 60 64 93 54 62 92 12 42 21 40 3 10 20 11
854
56 88 37 38 55 97 47 6 15 14 16 86 51 42 12 72 59 44 21 50 5 71 43 17 96 26 87 77 70 40 11 9 79 25 100 90 1 24 13 39 10 92 74 61 7 81 64 78 46 76 95 89 82 94 23 18 65 58 34 83 66 99 54 32 8 28 69 20 93 52 48 41 62 73 4 3 36 35 19 45 91 57 33 85 67 2 31 49 29 30 22 53 75 63 27 98 60 84 68 80
707
97 33 8 10 73 54 47 31 3 15 61 36 12 38 37 79 95 20 59 83 25 96 64 50 51 55 86 66 28 100 14 70 26 75 85 42 49 84 80 65 39 2 6 40 62 43 13 53 16 67 74 89 88 44 58 41 9 87 27 78 5 4 68 1 7 32 23 11 30 21 52 90 82 45 81 18 57 34 60 77 56 99 17 63 71 93 92 22 94 46 98 19 24 76 91 35 48 69 72 29
819
56 40 46 58 15 69 26 55 17 80 51 5 75 63 100 59 33 2 61 1 72 54 8 48 49 68 78 64 53 62 94 99 20 11 95 88 83 93 66 89 7 28 81 23 38 67 45 97 30 21 79 14 98 77 43 70 73 13 44 50 36 90 85 24 60 22 84 34 3 27 18 9 16 92 82 65 87 35 91 57 19 6 76 10 31 71 96 25 74 39 12 29 32 52 4 47 41 37 42 86
703
88 42 62 17 5 86 27 13 55 23 16 57 79 8 36 75 74 35 100 83 84 32 34 94 49 3 98 90 14 37 12 81 29 66 28 70 56 80 33 82 65 2 97 71 91 25 18 20 54 77 61 68 64 41 92 38 50 48 73 58 46 26 60 7 22 63 53 24 45 44 93 21 69 43 87 11 52 1 59 6 99 39 95 76 89 30 78 72 47 4 67 85 10 40 51 31 96 15 9 19
901
94 23 70 85 99 11 8 34 100 41 36 56 37 84 33 45 92 61 44 79 97 40 68 65 93 83 28 96 88 3 55 87 73 16 29 25 22 67 14 82 2 49 20 26 58 63 48 78 46 77 15 81 91 50 75 21 98 12 54 80 13 66 31 52 24 53 90 38 1 47 59 64 5 18 86 42 60 30 95 32 71 76 39 89 17 51 7 10 43 57 9 62 69 27 4 6 74 72 19 35
738
46 58 80 50 40 59 49 99 65 5 79 67 60 30 41 8 66 18 7 19 72 75 54 63 87 100 97 48 20 28 38 64 25 93 82 91 86 78 3 70 57 13 47 11 56 73 27 29 83 68 21 39 23 61 4 69 33 15 81 92 62 32 55 77 12 98 76 88 53 2 45 22 42 84 90 96 74 43 6 9 52 34 95 31 17 14 10 44 89 71 24 36 1 26 51 35 16 94 37 85
766
48 56 62 81 76 18 89 39 69 21 53 3 74 88 41 55 14 25 58 44 13 43 71 63 19 78 7 23 9 85 59 47 45 60 99 2 8 1 46 97 91 57 87 75 95 65 26 82 22 67 29 16 77 6 86 52 61 33 72 100 51 92 10 17 30 34 11 73 84 68 80 54 38 42 24 27 49 37 90 5 4 64 28 35 31 70 93 83 94 20 98 36 96 66 12 15 32 40 79 50
743
84 83 7 77 14 75 89 46 8 96 19 37 16 21 11 51 53 39 44 62 80 66 31 22 29 49 82 99 9 3 71 4 74 48 1 85 58 87 65 32 63 78 64 69 55 92 88 27 38 56 72 17 42 47 18 50 13 79 35 60 97 91 41 33 52 15 94 30 57 67 25 43 2 45 5 54 28 93 86 23 6 90 61 70 81 68 24 100 95 40 10 20 73 36 12 98 76 26 34 59
903
56 79 21 58 96 64 66 95 51 85 53 48 49 57 42 16 67 37 38 77 70 62 44 94 80 36 2 59 7 46 33 29 54 19 89 22 69 99 43 6 20 100 73 60 72 11 82 32 75 1 68 63 14 84 91 5 97 26 31 86 50 93 9 83 90 81 98 40 24 74 45 87 4 13 23 71 88 25 65 55 15 39 30 61 34 47 52 3 76 28 78 12 35 18 41 8 17 10 27 92
742
37 17 76 97 98 12 68 2 65 79 50 1 77 34 82 67 11 94 18 56 16 58 21 48 81 61 84 43 38 90 53 36 85 75 57 63 26 29 54 59 13 44 32 99 69 92 87 88 14 71 31 33 28 4 95 40 52 45 83 73 62 24 89 70 7 3 9 41 5 15 42 8 20 47 19 96 91 66 46 93 55 78 6 49 30 23 27 10 60 51 22 72 86 35 39 25 64 74 80 100
732
12 36 78 4 60 17 99 42 71 29 33 96 16 30 47 3 20 81 82 9 2 31 66 37 98 65 49 38 5 76 83 61 93 63 26 74 19 100 40 48 69 53 41 73 24 23 28 54 92 88 57 43 35 87 84 6 70 95 86 90 22 91 11 34 68 8 72 62 79 64 59 25 46 89 44 32 45 1 94 67 15 27 21 55 97 10 58 51 80 85 77 7 75 39 14 13 52 18 56 50
715
55 20 9 47 77 99 81 64 21 10 41 57 78 33 88 98 23 85 29 37 95 31 97 27 38 15 36 73 35 32 86 66 52 7 17 46 87 65 92 54 84 62 40 94 80 67 4 90 82 14 44 56 24 50 74 22 96 72 8 43 76 3 63 83 5 70 49 16 2 11 71 30 19 75 69 26 28 79 45 12 51 59 25 13 89 39 1 53 68 58 48 91 42 60 6 100 18 61 34 93
702
46 31 79 73 88 61 58 86 43 60 70 78 89 32 12 69 22 57 20 97 39 18 5 66 59 96 19 72 15 53 47 14 93 21 1 91 99 85 3 29 28 45 34 8 67 13 17 75 98 44 2 40 64 54 71 27 10 42 83 6 26 38 94 35 92 52 90 51 4 48 82 30 81 87 55 65 7 95 24 100 25 23 36 9 56 37 11 49 62 80 41 76 74 16 33 84 68 77 63 50
737
55 49 18 38 93 99 82 85 42 92 34 19 86 23 75 64 54 16 88 10 95 63 71 87 30 96 6 67 39 53 94 57 36 81 8 2 5 84 12 100 59 27 47 73 69 77 20 44 46 62 41 51 37 3 60 43 91 17 24 56 76 28 79 7 13 80 14 90 29 98 68 74 78 31 45 25 61 33 35 9 65 11 52 89 22 58 48 70 83 1 66 15 4 32 50 26 97 72 40 21
750
58 10 57 35 5 97 39 99 61 80 14 32 92 75 85 15 53 26 25 65 89 30 44 9 59 74 81 54 94 29 47 88 8 77 79 48 24 45 87 21 42 16 84 55 41 71 6 11 31 17 34 20 67 60 62 82 50 38 72 51 43 40 7 98 83 36 100 95 68 18 33 91 12 69 23 27 3 46 28 37 63 90 78 86 96 19 56 93 76 66 64 73 13 70 49 1 22 52 4 2
760
36 66 40 28 77 96 89 74 76 48 82 72 85 37 62 63 22 91 84 45 95 75 92 81 98 31 14 26 61 41 59 60 78 12 55 43 33 97 35 64 57 38 51 2 99 65 86 7 49 24 58 80 42 71 20 27 25 100 53 70 16 94 13 29 8 32 56 4 52 93 79 83 15 5 3 46 21 50 90 44 47 11 19 1 34 18 69 73 23 88 39 17 67 30 9 54 68 87 6 10
738
71 95 91 17 39 80 43 60 10 15 99 21 90 52 100 81 55 12 89 65 11 76 4 98 67 18 42 38 47 44 74 5 77 31 84 57 37 62 64 61 78 96 93 40 85 20 25 28 1 19 6 23 79 69 58 82 34 83 56 7 92 3 36 72 48 75 32 29 9 35 22 54 24 14 73 41 49 2 53 63 86 8 27 94 88 16 50 97 59 26 51 45 13 68 66 33 46 70 87 30
717
92 29 50 45 96 83 48 74 68 84 16 49 3 99 47 82 15 31 69 10 75 97 59 44 12 61 95 58 78 94 32 80 36 63 65 57 85 21 6 43 72 87 67 93 8 76 2 9 35 86 38 51 54 91 22 33 19 88 13 64 77 4 7 23 27 100 18 52 46 11 28 14 66 53 26 73 56 79 25 42 30 98 62 71 40 17 60 39 70 20 55 1 34 41 5 89 90 37 24 81
782
5 1 82 100 73 81 24 39 45 70 69 74 52 48 31 63 57 2 49 9 40 35 16 85 10 47 99 43 4 64 7 28 58 30 22 89 50 77 3 83 94 42 46 34 65 92 20 33 8 19 21 93 79 51 6 26 86 75 14 60 62 91 90 23 18 32 53 12 17 36 71 78 44 15 72 11 55 37 38 95 68 41 59 13 97 54 87 66 84 96 98 27 76 88 29 80 61 67 25 56
1052
100 60 86 13 56 35 33 91 14 70 97 22 21 53 29 12 41 39 11 90 3 42 45 51 7 1 79 47 63 64 83 77 26 87 34 84 36 25 5 8 67 55 23 43 94 74 20 31 27 71 73 75 28 78 95 10 19 30 93 81 82 61 46 9 92 6 32 48 98 44 40 65 69 49 18 96 15 68 59 62 72 50 52 57 76 38 4 80 66 2 88 17 37 16 54 58 89 24 85 99
729
45 95 36 9 61 60 21 38 20 33 99 49 4 27 76 46 63 26 11 40 65 48 74 67 23 54 42 39 79 14 18 13 52 58 97 83 89 77 31 82 32 57 56 71 17 5 80 85 62 92 37 22 51 7 12 73 6 1 86 29 10 24 98 100 30 87 70 41 90 94 88 25 55 28 53 75 16 84 47 93 59 50 44 78 2 19 15 35 66 43 91 96 8 72 81 3 34 64 69 68
787
23 96 7 94 35 54 40 25 32 78 56 42 72 39 19 51 28 69 3 84 60 13 16 59 44 34 80 86 15 70 43 27 100 18 9 90 30 24 10 14 67 21 52 82 76 29 50 73 64 58 66 49 92 95 91 45 88 99 46 74 75 37 48 8 38 55 61 89 65 53 31 6 83 2 17 22 5 47 81 36 12 85 57 41 26 98 71 97 79 11 63 68 20 33 62 87 93 4 1 77
789
80 15 69 27 35 74 75 39 14 53 25 56 11 37 24 18 28 30 33 8 68 46 20 43 92 90 4 61 87 38 96 17 78 47 85 93 73 66 88 32 21 94 100 67 48 71 3 95 77 10 5 91 98 64 31 41 13 36 22 84 29 54 23 49 86 62 59 79 81 76 50 83 44 57 60 51 40 34 82 12 16 58 19 26 52 99 45 9 55 89 63 7 70 6 65 72 97 1 42 2
748
70 9 19 17 10 91 46 92 54 51 44 8 68 83 36 33 25 53 6 97 76 82 20 43 30 100 56 79 98 74 87 35 61 99 18 65 88 12 26 84 90 89 29 42 32 16 63 77 52 75 59 73 47 21 38 50 27 95 81 13 5 22 72 45 55 96 93 78 37 64 62 49 69 41 85 66 23 28 34 60 58 31 80 11 67 14 15 71 1 3 94 40 57 24 2 39 48 4 7 86
742
7 62 10 70 12 97 38 82 100 49 23 39 72 68 28 90 85 8 40 73 81 86 87 54 77 5 66 95 34 94 13 89 26 59 56 17 4 64 53 25 6 44 31 79 91 48 30 22 41 3 60 24 43 92 9 63 80 83 67 32 52 18 37 42 36 45 15 76 98 88 27 71 50 16 93 1 61 69 57 96 84 21 74 11 47 14 19 29 58 35 33 78 65 75 55 2 99 51 46 20
821
25 26 39 100 98 1 56 44 62 32 85 95 14 74 58 73 3 90 86 23 51 31 10 16 96 40 28 46 4 48 19 92 24 61 82 9 11 52 12 41 89 36 75 66 35 5 13 94 83 37 29 50 30 68 69 6 63 65 18 17 88 2 15 27 43 99 8 71 70 84 55 7 67 49 42 33 47 38 20 77 45 54 76 53 57 78 81 34 97 79 59 80 21 87 93 60 64 22 72 91
708
73 28 2 9 19 33 65 10 88 99 6 26 57 21 40 38 70 43 37 75 23 94 81 60 39 53 32 76 58 1 29 77 68 8 78 42 41 96 55 97 20 74 17 84 56 24 64 54 35 86 31 61 22 69 36 79 90 100 93 87 45 67 95 66 18 12 25 49 50 91 71 46 30 52 34 5 16 92 4 59 3 15 82 62 27 14 83 13 72 89 51 48 44 85 47 11 63 80 7 98
834
47 25 76 29 75 8 17 26 53 82 56 35 6 84 67 32 38 20 49 54 93 1 2 34 28 100 5 89 88 43 27 58 36 99 69 74 80 21 72 46 65 10 85 73 52 68 30 78 45 98 42 97 14 70 12 95 79 19 50 22 64 83 39 23 92 48 90 13 7 96 44 71 55 18 3 66 81 4 94 33 40 60 86 57 37 63 87 91 16 62 59 61 15 77 11 51 41 24 9 31
722
82 35 21 6 43 23 31 45 42 46 68 76 5 93 7 26 32 3 49 12 86 25 62 100 36 56 2 17 91 10 58 57 63 1 51 50 29 75 96 84 37 22 11 53 60 20 15 88 71 59 34 19 33 55 74 81 41 67 24 72 80 40 90 66 44 4 65 77 89 8 87 48 79 61 98 97 13 38 70 14 39 18 73 16 9 94 78 30 92 83 64 47 54 69 52 95 99 27 85 28
756
63 80 38 98 75 92 35 55 24 7 48 87 89 95 71 44 93 78 27 5 45 49 21 83 19 72 33 73 94 79 90 46 43 41 36 20 10 40 18 32 30 51 97 74 57 29 23 6 67 2 99 11 58 76 25 8 53 77 1 61 91 34 50 70 28 13 52 3 15 16 59 17 56 26 64 22 42 88 62 47 12 81 37 54 9 14 65 82 39 66 96 86 69 4 84 60 85 100 68 31
763
30 88 78 55 84 70 61 31 86 14 36 7 18 32 27 39 15 54 89 71 56 81 52 59 17 47 28 13 6 80 12 25 93 85 99 57 76 51 21 24 65 97 48 35 9 98 19 95 69 67 42 8 1 40 43 64 34 26 74 83 4 96 11 44 73 37 94 16 5 60 22 72 62 68 38 92 41 2 23 3 100 90 79 10 33 53 46 82 63 75 91 20 58 45 77 49 66 29 87 50
715
2 71 16 79 27 70 14 23 85 41 28 92 76 46 77 29 13 26 44 32 39 25 95 15 54 63 65 34 3 30 38 61 58 96 75 24 99 21 72 47 33 35 67 88 78 84 87 20 45 17 55 8 60 100 89 68 64 80 56 53 93 97 4 66 12 42 74 50 1 5 10 94 52 19 69 81 73 22 57 62 83 49 90 98 40 86 51 37 11 9 48 31 91 18 82 59 36 7 43 6
771
5 82 43 94 40 9 13 60 96 48 89 97 65 29 90 44 66 75 71 70 99 86 54 79 55 46 47 39 37 11 77 33 32 100 59 56 42 25 74 73 76 35 18 19 26 80 84 51 98 27 68 14 31 64 17 53 91 57 30 6 67 8 12 81 69 92 87 61 49 58 21 34 83 20 10 16 62 93 63 24 3 45 95 22 23 2 36 72 4 15 52 38 78 88 50 7 28 1 41 85
747
99 13 2 71 50 7 44 40 38 88 10 72 83 97 27 1 91 23 60 64 52 80 62 30 82 34 19 9 56 18 84 70 63 57 33 59 55 17 4 47 29 68 69 95 22 28 78 41 5 76 48 100 24 51 94 20 73 66 90 43 75 45 42 98 92 85 89 86 11 21 77 15 32 8 49 54 93 65 14 58 96 79 67 31 46 74 53 25 35 3 81 16 87 37 6 61 39 36 26 12
720
23 9 44 100 87 71 53 17 60 63 33 94 69 50 57 47 19 78 10 12 45 36 96 43 37 92 81 32 68 22 48 25 65 56 99 46 28 51 58 70 16 49 52 73 13 91 5 93 77 3 66 72 29 38 30 59 74 21 4 86 75 34 20 54 89 76 6 31 64 18 41 79 14 85 24 1 8 35 83 61 2 98 97 90 39 88 67 95 82 26 27 84 40 80 11 55 42 7 15 62
708
61 93 94 2 9 18 15 45 44 34 97 16 38 42 17 92 98 1 77 21 80 7 59 24 35 27 88 48 99 46 6 41 13 57 19 30 20 29 4 89 70 76 74 14 5 67 28 65 73 90 60 43 51 53 62 12 3 85 39 63 95 56 50 81 79 55 54 37 22 11 23 49 87 83 8 71 40 69 96 64 86 31 36 78 91 52 75 72 33 32 47 25 100 10 66 82 68 58 84 26
727
23 9 74 62 92 64 59 75 49 89 1 72 63 48 40 32 21 5 100 60 88 42 35 11 3 51 54 12 98 18 67 70 31 81 86 47 25 27 96 30 22 78 38 90 16 46 66 56 52 45 95 99 94 29 53 7 39 57 10 26 76 91 28 58 2 34 44 43 24 13 50 85 84 33 69 65 4 93 97 82 87 77 68 55 36 15 61 79 17 83 41 37 20 19 8 73 71 14 80 6
762
83 98 23 12 37 16 33 21 56 47 92 20 87 6 66 97 41 70 52 86 45 3 28 50 90 75 78 88 65 82 34 96 13 67 11 54 27 5 43 14 53 80 36 49 48 58 24 19 31 55 44 39 61 94 62 68 51 42 63 72 57 71 59 69 64 35 40 18 93 1 95 15 38 32 46 8 7 17 60 9 84 74 29 2 76 89 77 10 26 100 79 81 30 22 73 25 4 91 99 85
740
29 52 6 94 81 20 99 67 59 37 79 60 85 38 97 10 19 83 27 72 95 5 70 47 25 65 31 46 57 78 54 14 45 93 48 62 100 66 49 16 84 96 43 82 71 63 90 26 30 98 13 39 4 17 75 12 92 69 34 3 51 7 77 9 73 76 55 28 89 87 86 64 33 91 2 15 80 40 32 1 41 44 24 68 18 21 22 8 61 56 11 58 74 42 35 88 53 23 36 50
742
79 29 78 34 69 31 92 4 70 22 15 11 40 39 28 77 65 87 51 38 18 94 5 54 75 41 76 37 16 57 74 47 85 7 36 67 46 44 72 73 48 91 93 88 58 98 68 42 17 56 24 64 6 83 55 90 9 100 12 61 27 66 96 81 32 35 20 53 25 30 33 10 45 97 86 43 21 80 3 95 50 71 59 23 2 84 62 49 14 13 82 99 60 63 52 89 26 1 19 8
704
1 55 60 46 38 15 36 33 59 18 37 91 65 84 57 43 73 96 3 94 11 62 51 80 5 79 63 23 89 85 87 27 16 17 48 12 21 76 22 45 90 41 35 66 26 4 93 10 25 100 61 53 69 2 34 47 70 74 7 72 58 30 6 88 54 42 56 31 92 28 77 14 67 81 86 40 39 64 99 20 82 98 97 83 19 9 71 95 13 24 8 32 29 78 52 44 75 50 68 49
734
53 66 3 93 41 38 78 29 54 50 55 56 83 25 62 23 67 99 33 1 51 58 5 18 7 94 31 80 26 14 42 79 21 12 69 86 73 81 90 10 43 17 11 39 2 76 24 13 60 91 85 75 15 44 22 48 70 30 47 9 97 6 74 4 16 34 98 37 68 95 8 96 40 32 100 35 28 84 71 27 92 45 87 61 72 19 65 89 52 64 59 36 57 88 20 63 82 46 49 77
734
11 45 74 13 47 6 27 28 82 86 31 85 5 64 68 60 56 52 19 21 8 76 15 61 53 100 46 70 7 24 43 42 38 34 93 98 58 39 78 33 69 30 84 35 92 95 25 77 81 16 41 62 54 88 94 48 51 66 72 50 1 14 32 97 96 9 12 49 10 63 87 83 26 73 80 22 37 91 17 3 23 90 65 20 18 29 55 2 40 44 79 89 57 67 99 36 71 4 59 75
754
94 40 19 47 12 2 54 84 20 88 27 91 34 93 37 14 21 22 24 45 61 52 78 57 46 17 7 82 90 72 70 64 43 75 5 15 36 55 31 8 39 85 83 32 6 26 56 51 69 92 62 11 9 87 89 98 13 1 81 38 66 71 59 58 16 65 30 76 3 77 68 67 86 74 44 23 63 28 42 4 25 49 97 100 50 80 53 29 73 60 10 79 99 95 48 33 18 41 96 35
728
84 14 39 47 57 12 30 88 71 43 63 68 96 34 33 67 79 27 86 83 69 9 16 19 1 52 36 91 44 98 53 28 60 87 40 55 73 46 65 48 23 20 89 75 21 66 74 59 58 2 25 5 26 78 32 24 51 82 56 54 62 13 7 45 93 8 64 76 37 49 50 95 42 72 35 77 4 92 41 61 38 10 80 15 29 94 99 90 31 6 18 11 97 3 22 70 81 85 100 17
743
71 12 55 92 38 73 50 78 86 62 5 63 70 22 67 89 8 80 100 35 79 64 90 15 96 11 29 30 53 32 54 37 91 10 61 97 69 39 88 3 81 75 83 47 34 9 98 42 33 99 17 85 76 18 58 25 36 16 4 23 26 27 87 72 13 41 77 45 66 31 68 19 94 1 52 60 21 43 46 40 28 59 57 7 51 48 2 82 6 49 84 74 14 95 44 93 65 24 20 56
707
54 98 7 83 69 45 80 79 23 30 46 52 74 84 6 68 36 65 32 61 12 9 86 19 58 77 71 59 34 8 63 4 95 78 26 53 44 15 33 42 2 28 20 60 96 14 70 35 43 51 57 13 11 48 76 99 91 16 50 62 100 87 41 55 10 17 64 73 94 67 5 72 1 29 85 31 40 22 97 21 27 49 25 56 38 66 82 3 75 24 39 89 90 93 81 18 88 37 47 92
736
74 9 39 76 20 75 73 54 30 27 80 12 17 68 85 82 79 25 59 91 5 78 34 96 28 16 88 4 47 64 42 31 55 21 38 7 10 19 44 99 63 70 8 13 58 95 41 45 37 36 65 71 51 83 32 23 52 98 3 94 61 53 33 67 24 11 100 93 57 43 90 89 72 2 35 86 84 15 60 6 50 66 22 87 26 56 97 49 92 48 40 14 81 18 69 77 62 46 29 1
751
87 97 73 22 15 96 64 14 60 1 50 80 7 38 47 2 23 9 89 75 92 24 5 72 88 34 8 33 77 28 41 94 13 52 84 78 67 86 27 98 11 81 82 100 4 3 51 46 70 69 37 36 29 79 76 43 56 25 30 83 99 58 91 12 19 18 20 74 54 85 6 68 31 57 55 49 66 42 59 53 32 71 45 63 17 10 61 26 65 95 44 93 21 40 16 39 62 35 90 48
763
69 1 86 59 39 81 68 94 84 100 35 42 45 79 51 10 43 25 9 15 31 70 16 50 5 2 54 87 14 24 29 13 91 19 90 22 67 92 74 82 78 58 49 53 40 12 44 32 66 34 80 95 89 30 11 71 75 83 73 36 65 47 26 21 88 99 18 98 3 41 8 28 48 93 20 46 77 55 57 56 64 72 52 17 76 6 63 27 37 60 23 61 96 97 33 38 7 4 62 85
750
64 90 57 29 37 52 33 76 98 69 21 26 56 82 28 22 32 45 44 63 89 38 60 10 93 54 50 34 6 99 17 79 12 31 46 51 77 9 1 4 92 27 59 18 16 41 42 15 66 100 39 2 20 81 49 65 74 73 83 19 71 87 91 11 48 55 8 68 23 72 85 67 53 62 97 78 14 43 30 58 7 5 40 61 75 94 25 35 24 47 3 95 13 36 86 88 80 96 70 84
734
2 73 95 30 60 8 16 5 79 59 52 86 70 10 99 42 17 7 15 46 18 71 38 67 61 6 54 9 44 97 32 100 29 68 35 84 27 94 66 87 13 39 58 41 81 45 98 85 91 65 69 33 4 92 40 83 36 21 3 57 53 47 77 64 20 1 82 75 23 11 28 51 48 31 80 62 22 12 37 96 50 34 26 72 93 56 78 49 55 14 74 76 89 43 88 24 25 90 63 19
706
28 1 88 59 17 13 45 20 74 32 79 55 37 66 98 49 77 52 7 87 18 84 27 71 63 60 97 76 3 35 82 25 72 5 92 33 34 56 6 16 39 26 100 53 12 42 50 9 95 40 99 73 11 36 64 48 14 78 41 75 83 69 81 22 23 80 46 21 38 94 62 86 89 15 68 43 19 65 24 30 90 57 91 70 85 47 61 51 93 54 96 4 8 29 2 10 44 67 58 31
741
97 17 69 1 14 5 51 74 24 37 82 85 4 48 21 34 75 38 23 18 98 100 10 47 68 80 36 72 91 58 87 39 67 43 61 99 8 95 9 26 96 46 33 88 11 13 71 20 73 40 6 79 65 60 22 59 64 76 7 44 78 30 15 49 53 42 77 54 86 90 28 19 84 93 3 89 32 25 2 83 16 56 57 35 66 31 94 52 55 81 63 12 92 45 41 27 29 50 70 62
774
100 46 44 59 76 36 5 7 69 92 12 2 42 91 1 75 89 17 65 37 71 33 93 87 66 49 58 10 23 14 20 30 43 21 38 90 84 97 79 19 47 8 32 55 15 67 73 88 77 34 82 39 57 70 35 78 98 96 45 22 29 95 63 6 24 61 41 16 51 62 48 40 80 54 83 56 94 3 11 9 25 85 4 60 99 72 28 31 52 27 81 26 18 86 64 68 13 53 50 74
775
11 52 92 87 15 13 28 22 63 54 47 71 80 58 62 99 73 96 38 2 6 98 9 34 8 75 93 49 17 70 19 14 5 78 20 59 100 51 91 61 74 48 88 83 35 95 82 85 24 56 97 45 31 43 3 4 33 39 90 21 23 10 57 55 81 32 86 37 42 50 79 68 84 16 64 67 53 65 60 7 36 29 69 30 66 72 18 77 46 44 94 76 26 27 40 89 1 25 41 12
742
19 38 43 90 45 47 88 6 3 27 10 78 7 55 70 91 61 31 9 28 73 51 24 74 82 92 85 2 23 39 16 67 94 54 1 66 33 34 87 53 93 20 26 42 76 11 83 12 52 99 50 75 5 96 72 56 46 17 81 79 40 29 41 64 89 60 71 22 59 18 95 48 32 58 97 65 86 62 15 37 35 8 49 14 98 100 68 63 4 36 30 44 69 57 13 25 80 21 84 77
724
11 90 10 81 51 18 85 78 48 74 44 69 32 52 5 35 89 68 70 38 65 28 91 12 86 75 79 94 29 87 39 59 42 22 23 4 17 77 62 88 82 25 31 34 27 21 100 30 8 54 98 80 67 63 99 16 41 50 71 43 36 53 19 37 66 2 55 40 46 57 7 49 95 96 1 93 58 84 56 6 61 9 92 33 3 83 76 24 14 73 15 97 20 13 45 64 72 26 60 47
803
69 56 75 35 43 24 1 2 32 83 37 18 47 44 45 6 19 94 55 100 46 42 96 31 85 77 91 29 71 84 90 9 16 12 58 70 86 78 67 93 27 51 11 22 64 41 30 23 50 14 80 15 57 82 21 17 59 10 36 48 33 66 13 63 34 25 62 87 92 7 5 73 81 49 76 4 65 74 68 26 72 89 28 20 40 54 39 53 38 60 99 98 79 95 97 88 61 3 52 8
702
12 57 83 88 15 65 73 23 37 5 47 30 91 10 45 48 54 21 68 7 27 17 78 61 29 25 70 16 87 26 63 90 59 67 6 51 79 58 71 11 92 53 97 95 49 80 33 2 99 64 72 35 89 100 56 94 85 77 13 52 34 36 38 18 14 93 42 75 86 44 3 66 69 31 98 55 9 24 50 4 76 39 43 62 60 82 46 40 1 84 96 20 22 41 81 74 32 28 8 19
741
51 100 14 2 42 96 92 56 53 37 62 68 9 48 99 44 31 65 16 55 8 63 79 23 61 49 89 10 95 38 60 70 76 3 34 32 85 18 80 15 78 94 33 69 72 83 17 54 74 25 87 90 52 36 19 71 59 91 77 13 64 67 6 26 73 81 21 84 12 97 4 7 86 28 98 30 27 50 39 11 43 22 40 66 35 20 82 29 45 57 41 88 5 1 47 24 58 93 75 46
725
75 88 13 66 40 74 87 69 17 29 84 34 72 90 6 3 76 12 24 49 35 30 28 38 26 97 7 65 48 32 85 43 71 5 44 47 2 11 73 63 100 23 95 91 15 94 82 1 45 67 62 92 59 21 4 78 37 20 50 16 52 61 31 89 54 83 10 57 46 14 86 9 8 18 36 93 22 53 33 19 27 60 98 58 25 51 55 64 56 42 70 41 77 68 39 99 81 96 80 79
766
78 73 39 86 100 6 89 79 70 59 17 49 85 96 41 61 91 66 80 12 99 24 16 40 47 20 7 90 58 68 74 14 13 25 51 55 37 53 81 88 92 4 64 77 29 36 34 21 65 71 94 27 31 28 15 48 50 32 69 42 22 8 60 67 52 95 35 56 84 44 82 97 3 75 10 98 38 1 45 30 63 62 43 2 33 57 76 11 87 18 72 5 23 9 19 54 26 93 83 46
783
5 75 17 91 21 9 100 70 32 81 82 69 71 61 46 40 22 18 42 72 65 8 26 49 86 83 30 94 20 38 53 47 50 54 78 58 24 1 79 14 67 10 59 12 33 57 93 77 74 95 66 62 28 37 11 16 39 36 44 63 31 34 60 76 90 68 89 29 88 56 41 64 80 4 96 27 25 13 15 35 99 92 3 85 87 6 48 2 52 73 19 45 97 7 84 98 23 51 43 55
763
68 53 85 10 18 32 88 57 28 45 62 91 22 99 21 72 19 74 16 29 100 65 6 70 52 39 14 75 73 12 60 23 94 67 89 82 17 97 38 78 47 87 96 3 95 41 43 55 27 56 61 31 46 79 24 5 15 51 9 83 80 8 34 50 42 54 25 81 20 84 64 48 35 44 76 98 77 58 40 93 30 7 71 66 69 13 2 63 92 86 4 36 49 26 37 1 90 59 33 11
774
14 5 7 56 24 46 52 27 36 100 1 96 72 15 74 30 12 98 82 86 62 43 19 85 29 71 49 94 67 28 22 57 65 90 53 23 73 66 76 55 13 40 20 88 4 69 8 3 58 26 75 16 21 81 93 97 91 50 31 78 34 11 38 45 77 89 99 68 10 61 79 33 42 83 37 47 95 25 63 48 92 60 44 39 35 70 80 41 2 87 51 9 32 18 6 54 17 59 84 64
748
24 84 88 97 5 6 76 89 7 45 2 92 65 23 94 41 10 20 50 99 54 77 78 25 28 71 48 36 3 19 18 60 49 79 1 67 73 39 61 93 58 14 100 81 57 43 32 27 91 37 59 51 83 11 85 9 62 72 12 40 8 52 68 16 35 63 17 82 26 74 34 21 53 42 64 31 38 15 80 90 44 87 46 55 29 96 69 75 98 47 22 33 4 30 95 86 66 70 13 56
711
8 21 17 99 87 57 78 90 66 71 72 24 3 18 58 31 37 60 47 42 96 95 39 88 59 26 69 10 83 48 20 16 7 92 29 76 65 32 80 38 49 81 62 79 15 44 61 27 54 34 67 46 50 53 22 89 86 25 75 19 28 51 2 14 64 74 63 70 56 41 6 55 1 45 98 77 35 11 30 68 85 82 36 91 5 4 97 23 33 94 12 13 43 52 84 100 40 73 93 9
782
27 94 32 100 86 65 49 2 78 44 28 81 83 66 87 69 3 30 8 79 45 20 58 47 71 43 29 6 23 48 93 72 80 74 22 14 41 24 1 15 35 59 25 19 55 39 36 88 75 62 91 16 57 99 17 90 33 42 5 26 51 76 34 73 89 52 64 12 77 50 82 53 21 9 85 31 54 67 98 4 97 60 7 84 38 46 95 11 37 68 10 70 92 96 61 63 40 56 13 18
806
58 55 12 92 23 51 45 21 98 27 74 65 36 43 53 8 69 89 9 30 66 25 82 4 24 73 47 97 10 11 16 35 42 34 81 31 78 41 28 63 100 7 77 94 18 91 70 96 71 68 19 39 57 84 75 86 99 95 62 46 1 60 61 14 6 87 85 38 20 32 88 56 90 49 50 83 37 54 15 26 29 79 64 5 33 72 48 76 40 13 67 17 52 59 44 22 80 93 2 3
748
21 31 56 73 61 40 19 32 83 57 88 5 62 75 97 33 14 55 98 45 1 74 42 89 100 34 67 79 12 52 10 17 9 23 64 13 38 78 76 81 26 22 20 92 80 15 7 27 94 60 84 18 37 93 4 47 35 44 70 86 8 66 65 46 87 53 39 51 59 50 48 49 58 28 85 43 3 24 82 2 36 69 54 71 90 77 25 68 95 16 96 63 29 72 41 11 91 99 6 30
740
77 53 7 74 47 24 81 83 50 78 61 82 17 15 92 18 16 30 67 19 95 36 60 57 64 98 75 66 58 29 73 84 85 14 23 79 26 51 35 68 43 87 48 40 31 1 12 41 69 90 22 54 96 11 27 37 39 9 38 80 100 76 93 62 55 72 6 42 45 70 97 2 88 63 13 20 46 94 32 99 71 52 3 56 10 59 8 21 25 33 28 89 44 65 34 86 4 5 91 49
705
92 33 51 63 72 9 52 88 87 55 54 16 39 43 99 40 38 1 67 36 93 37 25 2 46 44 70 13 73 58 32 62 84 85 3 98 48 42 76 75 86 10 64 12 66 77 34 94 45 18 11 69 83 6 7 24 26 15 49 80 79 68 28 14 65 78 20 29 100 41 97 47 30 89 4 56 61 50 8 57 22 53 27 19 60 59 35 23 21 71 31 5 96 82 81 74 17 95 90 91
743
25 22 28 47 35 55 54 94 36 50 10 66 87 16 82 21 75 41 99 29 32 68 4 57 78 39 40 74 13 3 73 88 31 67 83 43 26 1 92 71 49 89 70 100 9 8 23 95 77 18 6 7 24 30 51 59 76 91 60 19 65 80 98 11 17 97 52 84 12 20 14 5 96 63 62 79 45 48 93 86 81 72 44 38 56 37 61 58 64 85 53 33 46 69 90 15 27 2 34 42
734
41 66 1 82 54 87 42 31 7 24 77 98 74 84 46 69 35 60 40 13 26 27 94 53 49 14 10 38 52 30 12 63 68 29 5 59 71 86 20 33 80 55 39 58 4 79 21 92 44 57 91 25 83 47 15 11 48 93 95 76 85 75 34 65 22 9 72 88 99 32 19 61 18 2 16 70 81 56 45 89 90 78 8 67 64 51 96 50 62 6 37 97 36 23 3 17 73 28 100 43
719
99 80 38 47 9 27 12 43 34 88 14 55 92 90 54 37 29 24 16 98 20 33 19 59 32 11 82 6 46 31 81 56 15 66 53 95 61 28 40 2 35 94 84 71 17 75 48 1 76 51 72 26 65 79 64 3 39 67 62 68 74 41 21 85 49 10 36 60 87 86 91 13 58 7 93 22 5 50 73 96 18 57 30 8 52 4 78 100 44 45 42 25 89 83 77 23 70 97 69 63
714
91 49 20 56 95 80 10 55 51 59 21 61 75 52 100 78 48 70 87 39 62 13 40 5 36 90 47 74 57 89 67 94 22 96 4 65 1 60 9 77 85 37 53 98 92 42 35 72 14 93 41 31 28 27 66 16 82 44 33 58 99 7 45 34 84 71 83 2 81 26 18 86 68 25 73 23 64 30 54 15 12 29 11 17 63 38 3 19 97 43 69 46 79 32 88 50 76 6 24 8
812
87 91 25 28 35 94 9 37 6 92 89 39 18 78 62 74 36 69 34 83 97 54 40 80 84 21 64 38 99 66 67 85 42 5 2 48 82 7 46 52 27 30 14 3 79 86 59 17 50 20 56 81 41 65 10 32 24 58 23 75 29 90 45 15 47 63 57 43 8 19 68 33 51 72 77 16 98 44 13 61 93 31 70 49 26 53 22 88 100 12 11 55 4 96 73 1 71 60 95 76
790
5 32 48 100 59 99 4 17 89 28 81 62 88 86 22 15 97 74 38 33 35 6 31 43 70 55 56 60 18 93 75 65 85 49 53 2 94 27 67 71 96 10 54 16 50 26 92 34 23 64 20 61 52 82 77 69 11 72 63 84 91 12 39 19 36 80 46 98 14 51 37 66 45 68 47 57 58 24 29 30 87 25 42 44 73 1 83 78 40 21 95 41 79 76 13 8 90 3 9 7
745
59 88 54 51 31 65 33 41 92 80 83 5 27 42 12 56 78 72 67 28 16 7 57 49 52 1 10 73 24 60 25 99 58 77 45 68 30 50 11 8 9 100 55 64 69 91 97 93 3 35 29 70 79 32 34 43 23 20 22 87 2 15 39 90 63 96 44 46 4 75 17 89 86 98 6 18 62 66 84 38 14 47 26 21 71 36 61 13 37 40 74 81 85 82 48 94 19 53 76 95
745
46 9 55 56 53 3 80 35 24 33 66 96 7 15 45 59 36 27 84 86 20 79 69 41 39 68 61 62 67 75 92 30 26 8 99 31 21 93 88 73 47 83 2 22 44 14 52 19 43 94 90 70 54 42 13 100 17 18 10 37 11 91 98 64 81 76 77 50 38 5 48 72 95 34 71 63 4 97 85 16 60 32 82 65 12 6 29 40 25 58 23 89 51 78 74 57 1 49 87 28
703
82 73 62 13 86 64 91 34 98 41 79 71 70 5 58 39 85 23 65 49 50 6 55 3 93 36 76 68 60 38 61 63 30 77 78 51 31 17 2 7 14 53 33 89 90 83 43 46 48 35 75 40 12 1 66 37 80 45 92 21 20 42 10 19 25 88 24 22 97 96 11 18 32 94 67 87 57 9 44 29 74 100 26 15 56 28 47 27 95 16 81 52 59 99 72 4 84 54 69 8
730
52 14 30 48 26 63 9 100 76 39 8 79 59 24 74 50 21 62 27 92 34 25 99 33 57 3 90 73 54 36 97 31 51 69 94 42 70 45 16 56 65 89 43 67 87 84 28 37 93 2 68 72 77 96 11 91 13 55 17 41 44 7 46 20 10 1 71 88 38 23 15 5 22 53 82 32 75 49 64 60 78 29 83 6 58 86 66 18 95 61 81 19 98 4 85 12 47 35 80 40
769
25 78 8 43 39 35 6 11 93 48 50 69 37 57 42 1 22 18 73 56 51 98 65 16 29 24 44 87 34 32 59 27 82 70 5 49 20 60 30 31 64 58 72 66 97 26 95 10 67 88 79 41 77 52 81 15 76 33 47 40 45 46 54 4 63 14 38 28 17 19 74 21 75 91 53 2 12 99 3 89 55 7 71 80 86 83 61 85 96 23 92 13 9 36 68 94 90 100 62 84
746
93 61 71 32 43 39 19 65 52 79 89 48 68 42 64 29 33 63 2 92 34 97 67 44 100 13 59 91 36 6 73 62 58 37 83 54 66 16 17 87 86 8 99 82 96 76 90 95 41 56 10 51 98 35 70 60 4 69 88 24 85 11 14 26 78 40 23 84 31 1 5 49 20 7 30 80 21 28 75 15 55 53 45 22 3 77 50 38 81 18 47 9 94 57 12 46 25 74 72 27
774
73 26 96 43 29 87 69 19 46 94 50 7 22 74 59 51 66 89 41 84 64 35 42 90 55 20 61 82 45 21 83 6 15 39 76 93 88 79 60 70 53 36 100 91 58 27 63 1 86 17 49 11 44 67 24 16 23 31 92 30 13 78 28 81 8 68 80 47 97 62 2 18 34 99 10 14 75 9 3 72 57 52 65 56 33 54 40 48 32 38 95 98 37 25 12 71 85 77 5 4
717
17 69 76 2 7 75 58 19 31 78 57 35 50 64 85 22 23 84 11 48 45 91 10 24 94 68 32 13 89 56 96 16 79 62 47 9 8 44 46 99 15 82 18 92 3 72 27 55 42 74 71 33 51 6 66 100 41 1 34 37 60 21 12 30 86 54 70 28 73 40 95 83 49 80 39 59 67 88 81 61 93 43 36 87 90 63 5 53 52 25 65 4 26 77 38 20 29 98 97 14
780
19 57 3 86 50 35 94 46 24 92 8 73 60 2 59 17 10 16 82 28 37 66 15 64 43 27 75 87 77 70 14 31 45 7 68 76 26 5 83 89 39 53 98 18 63 85 9 32 100 88 62 93 95 23 79 72 97 36 90 74 78 20 96 12 58 49 25 47 29 6 80 42 54 65 52 22 41 48 69 61 13 21 71 56 84 11 81 91 67 55 40 44 1 4 38 30 51 99 33 34
715
60 68 82 51 67 28 95 39 14 85 41 24 52 50 70 72 78 9 91 75 79 98 62 76 18 15 19 2 96 44 46 33 97 35 4 26 43 23 63 5 54 81 37 20 7 55 3 80 58 49 53 87 30 17 73 27 100 10 40 6 84 66 88 89 45 34 93 22 1 31 99 8 86 56 12 57 13 38 77 32 16 42 29 90 21 94 61 11 48 36 74 64 71 47 83 65 59 25 92 69
804
82 59 96 11 54 100 3 62 6 84 70 75 86 89 31 42 71 37 9 47 56 16 24 43 26 23 79 93 30 68 57 73 13 51 7 25 18 88 38 40 44 20 21 60 92 4 2 90 49 41 50 81 61 63 34 69 76 78 35 98 12 28 94 27 15 29 10 77 65 66 52 19 72 99 46 22 95 33 32 87 55 17 1 74 85 8 64 45 97 83 14 80 48 58 39 5 53 67 91 36
725
80 27 23 28 68 26 69 64 83 10 67 73 62 22 55 76 77 78 12 58 34 13 100 90 53 31 33 9 95 91 40 15 25 87 50 92 85 37 49 75 45 8 3 88 70 97 46 42 20 71 54 60 82 44 84 89 94 16 14 79 2 36 99 48 65 56 29 52 98 32 72 74 24 35 30 7 47 41 11 4 21 51 39 57 1 81 63 61 19 18 86 43 5 38 96 59 66 17 93 6
734
19 94 33 49 28 17 57 44 70 2 30 60 79 80 35 64 16 46 56 13 27 7 85 62 97 29 55 77 84 99 87 98 23 51 72 10 91 31 71 92 18 5 96 93 61 37 12 22 48 54 4 38 58 90 41 53 74 39 52 6 42 14 95 25 65 83 1 36 24 89 73 21 78 20 32 11 69 9 68 86 67 50 63 59 45 43 26 8 40 81 88 100 15 82 75 76 66 47 34 3
790
70 85 98 76 57 25 40 32 10 82 54 41 13 99 7 45 93 3 66 53 61 46 71 77 94 92 96 55 73 24 30 9 11 51 64 22 91 28 88 81 80 68 49 60 69 48 5 35 56 75 23 63 86 78 20 89 72 47 33 2 37 1 58 59 95 36 38 100 15 14 8 21 26 12 50 6 39 74 79 16 17 44 87 43 97 62 83 19 34 84 27 90 29 42 4 67 65 18 31 52
737
58 16 92 89 25 75 19 69 70 24 2 99 46 20 68 82 35 90 47 41 33 38 55 59 10 45 94 83 6 43 50 8 37 7 96 64 18 53 56 76 3 85 91 81 63 57 23 77 67 61 39 100 78 52 44 32 15 97 28 71 73 65 5 51 14 22 4 66 74 49 98 34 95 86 11 93 54 72 80 12 27 31 36 62 60 26 1 13 48 84 17 88 9 21 87 79 40 30 42 29
705
91 29 47 31 85 77 44 49 60 7 36 21 10 4 94 61 9 53 32 99 12 11 92 13 87 66 38 52 54 39 35 43 65 14 67 58 70 55 40 20 89 16 19 26 5 25 24 98 74 78 50 93 96 59 79 42 72 30 1 22 81 95 90 56 88 57 82 45 2 80 46 41 6 73 51 64 27 75 97 71 83 48 37 23 34 76 17 3 8 33 100 18 69 68 84 15 28 86 63 62
743
18 95 4 93 44 62 25 70 35 83 86 20 42 66 74 91 26 69 15 73 27 81 96 78 65 59 6 89 55 19 64 40 23 34 100 11 21 5 77 32 94 33 80 48 9 90 46 31 10 75 38 7 61 88 41 54 29 28 68 37 84 43 50 72 99 49 17 22 45 51 52 47 92 97 98 2 3 67 60 63 1 53 39 12 14 58 76 57 36 56 85 79 24 30 82 71 13 16 8 87
743
64 55 66 9 88 81 14 31 23 79 98 58 1 35 46 30 53 13 71 50 47 76 97 49 40 4 96 65 29 19 5 62 24 82 41 54 80 44 17 83 100 75 87 78 99 22 37 73 2 33 8 86 94 34 6 60 38 59 63 3 68 67 16 95 12 74 51 32 36 20 11 77 90 56 21 52 7 28 25 57 84 72 26 93 70 91 45 61 18 42 85 92 48 39 69 27 89 10 43 15
731
88 63 53 9 66 49 65 78 91 58 62 77 18 43 19 68 55 22 71 52 42 28 93 29 11 61 7 8 76 56 6 45 12 20 86 37 94 13 57 95 74 48 97 10 83 5 44 15 50 60 26 85 90 100 39 79 69 21 54 89 23 64 33 24 36 75 47 31 59 73 3 35 25 2 32 38 17 92 87 14 82 16 96 41 1 84 46 70 81 51 98 72 40 80 27 67 99 34 4 30
710
65 93 13 2 5 62 16 56 39 58 47 95 10 59 34 63 94 90 37 84 98 49 78 100 7 67 68 71 27 24 88 91 40 35 81 57 29 3 28 89 42 30 97 76 80 82 85 11 1 53 70 75 61 45 46 60 87 8 18 86 36 73 17 54 99 74 55 32 21 4 12 15 64 50 6 33 25 20 79 9 96 92 26 48 31 69 14 19 51 23 38 22 52 72 41 77 66 83 44 43
736
88 13 7 52 30 5 54 57 61 76 50 97 56 44 94 45 34 83 1 66 75 72 18 67 33 16 17 91 40 68 64 23 85 32 4 15 36 82 99 73 3 63 90 35 69 49 74 60 96 19 11 81 21 20 92 8 31 25 77 59 9 41 70 78 47 39 98 58 87 6 48 79 10 12 26 24 71 65 38 89 27 62 51 93 29 84 42 95 53 100 37 14 28 46 80 22 2 55 43 86
764
61 100 68 22 64 45 75 25 77 34 28 69 23 78 26 72 10 55 85 42 5 17 16 19 27 43 13 95 62 12 47 74 66 94 33 31 96 89 3 35 99 36 58 4 84 9 86 54 1 79 50 53 2 49 92 15 21 48 90 14 40 51 8 81 82 57 32 70 11 46 29 52 67 30 65 88 73 7 6 24 91 80 87 83 60 44 18 20 63 39 76 93 98 59 97 38 56 71 41 37
758
81 48 54 22 56 16 44 72 55 63 38 82 49 90 68 17 71 92 39 21 40 35 10 75 60 41 95 33 93 66 43 91 26 77 86 3 98 7 88 25 64 50 18 85 87 20 27 80 53 19 28 70 99 62 8 61 11 4 51 97 65 23 30 59 58 47 45 94 9 76 14 15 84 78 74 24 79 69 13 67 83 57 73 52 34 2 100 42 12 5 31 96 1 32 6 37 89 46 29 36
739
59 91 72 76 86 33 25 17 74 70 20 42 36 77 71 66 29 34 27 58 24 41 94 68 2 44 12 87 82 46 21 88 8 69 35 10 11 14 53 1 6 39 30 9 49 60 47 52 38 78 81 7 98 79 80 51 96 57 63 64 28 48 99 37 4 97 45 100 26 89 67 3 73 61 62 5 90 93 23 40 85 15 18 56 22 75 65 84 19 95 50 92 13 43 31 16 54 83 55 32
769
57 7 49 41 59 32 31 50 51 46 4 68 67 58 61 25 80 35 85 36 70 97 33 38 47 27 29 55 23 14 17 77 13 94 3 12 98 100 60 82 62 39 83 20 93 78 30 34 96 42 8 40 56 64 89 81 2 19 75 18 63 45 16 6 95 43 87 37 99 90 44 22 74 69 9 88 48 66 65 10 79 73 28 1 91 71 84 5 26 72 76 52 86 24 53 15 92 11 54 21
728
100 27 45 73 97 14 19 46 24 68 62 64 47 59 95 87 13 6 23 42 91 4 5 41 51 86 15 99 12 83 3 55 58 69 60 92 36 34 25 76 8 7 31 37 88 93 21 11 67 89 17 65 2 70 96 1 54 35 74 50 10 84 71 16 98 32 56 30 61 49 75 81 78 22 72 52 18 57 48 40 44 90 53 77 38 9 63 28 39 66 20 80 43 26 29 85 82 94 33 79
726
48 25 67 36 53 79 73 72 65 3 84 19 93 41 1 10 95 5 8 49 11 71 60 22 76 85 70 50 62 74 63 56 2 47 55 26 80 86 52 42 44 99 98 16 20 94 92 57 97 15 37 96 29 43 40 14 17 38 6 18 51 32 91 68 33 87 69 82 45 78 31 58 54 75 66 9 64 77 46 34 30 81 59 90 39 27 28 12 21 89 35 13 23 83 4 61 7 100 24 88
743
94 74 42 65 1 20 19 9 25 92 14 13 77 75 21 26 100 72 37 58 38 15 98 59 22 71 4 30 70 6 2 93 39 95 12 46 40 51 34 10 48 50 99 33 57 73 96 44 24 29 67 45 82 88 90 53 66 36 80 35 79 32 55 69 81 49 83 68 85 61 52 86 11 91 60 76 17 62 23 18 31 89 27 64 8 47 43 16 84 41 63 54 28 5 97 3 78 7 56 87
759
100 62 45 49 1 86 76 79 61 43 97 81 10 98 5 88 52 7 68 54 30 26 77 15 27 67 24 66 82 42 87 93 47 91 9 74 94 83 99 34 59 38 63 53 95 29 60 20 13 96 75 12 50 32 17 44 3 2 8 40 65 85 28 35 39 31 16 41 72 58 69 33 70 78 55 14 84 92 18 21 11 22 4 80 71 73 51 57 46 6 90 64 23 89 19 25 37 36 48 56
752
14 15 83 48 2 45 31 17 32 24 71 38 18 80 59 90 36 43 86 1 60 28 69 55 20 98 91 25 35 30 12 67 79 47 39 10 64 52 76 82 63 46 58 34 7 70 87 8 16 54 53 6 89 44 97 27 65 72 84 93 22 3 74 5 13 42 66 29 100 21 78 81 49 9 4 26 61 37 68 99 40 19 57 92 85 96 50 51 62 77 73 11 94 56 33 75 41 88 95 23
736
39 8 100 9 42 53 11 25 64 44 92 17 3 90 59 27 81 86 76 34 84 50 77 96 78 16 29 46 33 72 73 62 36 43 26 85 45 30 97 24 56 20 28 40 10 37 71 87 31 23 74 69 67 13 21 55 91 48 65 93 98 60 1 52 18 54 63 79 19 49 88 4 66 2 15 41 57 75 38 68 14 61 22 95 82 32 89 83 70 58 5 99 7 51 94 80 6 12 35 47
711
35 82 89 93 11 65 51 63 12 86 4 37 52 1 27 77 41 95 16 10 59 76 32 2 96 31 7 73 30 42 49 46 13 71 18 29 9 5 56 94 64 68 50 67 25 91 55 22 57 87 36 17 81 28 34 48 74 45 21 39 20 69 23 90 83 88 97 78 61 84 53 47 66 19 40 44 99 62 70 43 3 98 85 33 79 92 24 6 75 72 15 58 14 8 54 26 100 80 38 60
733
10 71 40 11 99 42 95 30 94 89 97 1 24 83 92 91 29 32 86 54 80 4 67 48 17 72 51 100 77 96 26 37 64 84 50 22 59 16 93 20 78 2 28 85 82 58 63 35 90 76 88 98 7 12 41 66 87 68 31 61 13 39 25 14 15 55 5 44 43 6 62 27 46 47 18 53 8 73 36 75 34 23 56 57 33 65 81 9 49 52 19 74 38 79 69 70 21 60 3 45
714
48 52 57 20 88 27 92 75 94 70 4 87 83 39 58 56 51 10 91 32 41 42 55 16 1 31 22 76 45 63 79 67 72 53 23 84 62 28 89 99 25 82 30 34 11 95 98 33 61 54 44 96 73 78 81 18 15 21 3 26 80 36 49 6 2 97 50 85 40 12 14 66 77 86 13 90 71 68 24 35 74 60 69 100 65 9 43 5 46 93 38 59 47 64 7 17 8 29 19 37
741
60 31 55 26 37 74 42 81 59 72 32 41 40 5 69 87 80 12 93 54 99 92 6 15 49 25 57 36 70 44 91 67 84 58 77 47 97 65 38 88 18 48 2 52 23 35 21 33 98 22 30 94 79 85 17 56 11 96 53 82 39 63 66 8 3 9 95 45 13 83 61 64 27 24 51 62 71 75 28 14 100 90 7 89 78 10 50 68 76 34 43 86 4 20 16 73 46 1 19 29
721
8 59 34 22 36 14 72 96 68 27 65 60 13 43 89 86 7 31 30 50 39 93 74 54 77 88 49 57 52 78 4 46 35 12 64 98 17 85 99 38 56 44 91 53 3 71 73 92 48 20 40 100 2 18 79 75 10 37 23 19 33 28 24 45 1 67 83 51 42 97 95 32 47 5 90 70 69 26 62 11 84 87 81 82 80 76 15 16 6 58 61 21 63 9 55 94 25 66 29 41
738
49 96 33 11 9 100 60 15 36 32 17 59 65 46 93 69 18 38 81 85 24 42 20 53 95 27 94 1 73 41 37 52 66 13 47 68 90 8 29 14 2 39 57 3 76 80 5 99 71 87 26 63 10 40 74 44 56 28 77 82 75 72 51 50 98 21 48 35 19 88 91 61 45 22 30 25 6 55 83 34 16 84 58 62 31 89 64 12 4 54 7 78 43 79 92 23 70 67 97 86
797
85 98 62 55 30 71 14 35 8 25 21 86 12 44 38 94 1 7 5 64 68 88 65 45 31 70 87 81 11 26 9 24 39 42 93 16 51 22 23 82 83 20 89 49 78 90 97 41 54 27 95 92 80 37 99 56 18 33 29 19 59 52 34 66 50 84 53 57 4 67 43 13 10 2 77 91 79 6 76 100 46 69 32 47 15 36 73 3 74 17 28 60 58 63 75 72 61 40 48 96
727
24 39 41 51 73 89 26 19 6 10 33 85 14 67 5 61 30 99 52 43 72 29 55 91 4 81 75 36 16 9 17 76 20 12 83 92 53 87 7 66 86 8 46 1 93 84 38 31 11 34 48 37 28 74 25 22 90 59 78 57 3 18 62 15 2 95 56 82 70 65 58 71 21 100 63 60 68 49 96 50 45 64 69 94 13 54 23 80 97 44 98 27 79 32 88 47 42 40 35 77
757
14 32 62 59 67 38 63 21 66 57 69 31 41 37 43 49 72 61 94 83 11 36 10 50 75 24 74 39 90 42 34 27 3 8 30 35 71 19 45 73 26 51 16 22 44 12 29 88 17 40 60 23 53 100 46 47 87 96 92 15 6 20 68 25 89 58 93 55 13 95 56 79 80 33 97 9 5 70 65 2 18 4 76 54 28 82 86 91 85 48 81 84 78 98 1 64 52 7 77 99
753
40 18 19 42 89 77 78 13 93 95 33 39 52 92 87 57 69 99 82 23 66 41 94 11 85 16 35 12 62 47 50 24 98 55 100 76 65 84 31 14 26 5 61 54 10 73 43 90 75 96 7 97 72 29 51 21 88 37 44 25 34 15 22 8 83 2 32 67 86 81 91 60 49 70 68 80 1 38 3 63 45 48 64 56 79 59 36 17 71 27 53 20 74 30 28 46 4 9 6 58
728
5 79 24 38 28 89 47 52 98 6 29 64 69 32 41 62 83 3 4 48 76 91 21 60 87 50 61 81 27 12 35 11 72 96 1 92 70 20 68 10 55 86 54 44 13 73 33 66 37 80 8 74 25 18 95 22 84 42 100 16 90 56 34 93 97 58 49 67 7 94 17 43 46 30 39 51 9 14 45 99 85 65 2 57 63 77 78 59 40 36 19 31 26 53 71 82 15 88 75 23
731
33 23 24 18 97 92 73 46 45 59 81 42 70 55 29 76 9 88 77 21 36 32 34 57 67 14 75 68 19 44 95 50 51 25 86 96 43 66 41 74 58 53 94 64 5 71 11 80 10 26 52 31 2 3 89 87 100 90 49 61 72 69 84 13 98 20 82 1 39 27 17 85 62 63 56 12 54 30 37 83 15 93 60 47 8 65 48 79 40 91 99 16 28 78 35 22 4 7 6 38
737
90 6 41 35 71 68 85 97 11 15 89 10 3 1 8 26 18 9 29 17 32 55 88 79 2 53 99 61 54 16 21 75 7 23 96 69 34 24 45 98 65 39 14 83 49 95 57 13 63 92 62 72 84 93 100 66 82 58 73 19 38 12 51 78 56 43 77 60 76 42 28 52 59 81 47 86 91 30 70 25 94 33 20 64 22 80 67 31 36 87 74 44 50 4 46 48 40 27 5 37
796
70 17 46 76 35 68 94 92 12 30 25 75 87 24 28 1 32 100 52 21 77 26 95 51 61 81 65 66 98 27 6 93 53 85 74 39 84 4 11 99 2 73 40 83 64 71 15 89 58 47 20 91 29 56 9 3 22 78 67 18 5 60 14 96 37 97 63 82 57 72 36 10 88 19 90 38 45 62 69 16 31 34 44 86 59 13 33 50 55 23 79 8 7 80 48 42 49 43 41 54
766
88 7 15 22 58 78 90 1 21 80 34 27 54 74 49 16 20 62 32 100 53 12 26 98 29 82 31 39 91 65 55 13 81 40 10 63 25 50 41 46 68 79 43 92 9 56 99 6 18 44 38 23 28 76 73 8 14 64 84 35 83 52 45 71 69 66 51 89 3 42 2 67 93 57 85 47 33 96 75 48 24 4 60 11 61 94 19 59 77 95 86 5 30 36 97 87 37 72 70 17
769
76 46 80 35 72 24 3 6 54 68 22 2 41 78 26 97 29 43 66 32 58 70 48 60 8 62 84 10 53 57 94 49 89 52 50 47 77 75 40 37 20 13 27 92 31 88 55 23 99 9 81 1 56 73 17 95 19 39 15 36 67 87 5 12 83 33 93 42 7 64 11 96 71 34 25 69 14 45 63 91 30 16 51 21 4 79 18 100 85 44 82 65 90 98 28 74 59 38 86 61
725
23 52 45 53 41 17 3 79 51 58 100 50 72 34 81 85 15 35 27 44 76 78 97 84 57 37 67 60 95 87 65 83 8 77 92 5 20 46 56 11 73 26 94 24 7 19 42 54 29 75 6 47 61 74 48 18 49 36 4 40 64 55 32 43 9 99 38 82 63 93 89 28 14 16 70 98 90 91 33 2 59 68 13 86 31 10 1 69 62 25 96 80 39 71 12 30 21 88 22 66
756
98 32 45 68 19 49 84 61 39 13 7 37 82 1 30 80 23 66 73 88 86 95 26 28 42 35 67 51 96 55 57 79 91 89 54 11 47 87 83 3 20 94 18 44 69 59 50 62 71 10 40 17 90 6 70 2 76 14 74 16 12 27 92 78 56 24 22 33 64 100 65 29 21 41 53 60 4 77 31 99 75 97 9 52 93 43 15 85 63 48 34 8 36 72 5 25 58 38 46 81
786
42 39 27 41 94 30 6 83 18 1 38 70 12 93 72 22 29 78 99 2 91 3 50 11 8 4 23 9 43 62 16 44 26 36 49 67 88 56 54 71 5 14 73 34 24 31 89 53 77 59 87 84 19 98 74 68 13 33 7 52 75 57 86 15 21 90 81 51 100 65 95 28 48 79 25 32 61 64 17 97 85 60 20 66 80 35 69 47 92 55 82 37 40 46 96 58 10 63 45 76
707
82 68 75 1 33 99 95 88 32 66 10 81 96 26 57 53 8 21 89 44 72 48 31 38 19 100 52 46 73 93 13 54 29 84 60 23 87 7 71 92 86 28 76 94 90 36 55 45 16 25 14 51 49 83 12 5 43 24 64 79 77 42 63 30 11 17 85 41 69 58 98 65 39 61 37 59 80 6 50 67 3 70 78 20 15 40 27 4 2 47 35 22 9 56 62 91 97 18 34 74
781
98 32 5 50 96 20 39 9 64 18 56 87 93 19 80 58 90 76 6 25 52 67 13 82 42 62 71 61 49 2 29 77 8 91 38 10 48 31 85 86 46 1 45 63 99 88 70 11 37 94 69 21 16 36 51 95 30 33 47 28 4 35 66 7 17 84 65 15 22 59 27 54 81 24 97 72 75 26 60 83 78 100 57 12 68 53 79 3 89 44 40 43 92 23 34 14 41 55 73 74
703
22 73 60 50 35 5 96 92 57 14 81 53 13 39 4 21 43 75 1 27 33 7 31 77 85 25 44 83 98 45 42 71 74 58 48 32 64 80 2 36 88 63 10 52 72 47 87 29 55 12 18 20 68 78 90 66 62 41 94 84 100 76 6 99 86 3 11 37 51 8 24 79 9 97 34 93 46 67 91 26 56 17 95 19 49 15 69 38 16 30 89 65 23 59 54 61 28 70 82 40
773
59 32 14 44 5 63 11 53 7 43 3 50 25 46 23 35 97 56 66 64 38 67 54 82 24 27 48 52 12 100 86 42 85 73 18 39 55 1 96 10 15 31 89 19 75 87 20 70 79 95 51 78 2 16 26 77 4 99 28 61 93 6 74 58 17 76 83 98 9 29 41 71 49 72 30 8 69 21 94 60 36 40 84 62 81 37 57 91 92 88 22 45 68 33 65 34 90 47 80 13
713
59 4 56 94 37 33 2 24 46 96 100 30 27 45 29 82 71 39 87 22 57 15 63 35 58 67 62 19 9 78 79 16 23 88 5 98 51 21 81 68 1 36 52 14 92 13 28 93 90 32 97 61 6 43 75 3 26 18 60 31 69 48 64 91 34 99 50 38 95 17 73 85 84 42 25 55 10 76 53 40 47 66 41 74 80 70 77 11 12 72 49 20 8 7 44 86 54 83 89 65
711
7 91 95 6 25 29 9 62 36 21 51 92 98 14 59 30 96 83 4 48 17 67 43 63 82 37 57 74 73 27 66 1 94 35 54 11 69 15 40 60 31 86 58 64 97 23 77 47 87 46 81 79 53 5 72 85 10 71 28 55 38 75 18 39 65 44 32 70 42 8 52 2 26 56 93 33 41 12 19 13 20 16 89 90 34 88 3 80 99 76 68 22 78 24 49 61 50 100 45 84
728
56 19 35 39 20 79 57 24 46 23 28 40 49 93 7 34 29 41 50 89 63 82 5 68 26 90 60 53 25 61 86 65 59 4 69 51 71 32 67 73 43 11 77 80 78 10 85 62 72 13 83 97 33 3 37 31 88 38 70 42 12 91 9 87 27 54 96 64 75 76 1 55 18 30 98 66 8 22 36 58 74 94 48 95 84 44 100 92 81 99 47 14 2 15 21 17 52 45 16 6
716
96 20 77 17 82 3 74 73 90 13 50 66 8 56 32 39 67 88 7 98 21 45 47 2 54 10 25 94 1 37 81 92 91 99 62 95 61 97 42 19 27 5 93 41 80 68 51 86 72 87 55 52 60 75 89 63 24 76 65 49 84 69 4 28 64 16 30 15 31 9 78 46 6 23 34 48 35 14 57 100 83 59 44 58 53 18 33 36 71 79 43 29 11 70 26 40 22 12 38 85
768
81 14 78 18 23 76 94 38 73 97 53 84 28 72 61 77 56 52 87 9 3 47 2 42 13 79 64 83 96 35 31 33 92 66 36 98 51 17 11 44 57 20 74 27 29 30 93 68 80 71 15 4 1 43 89 63 25 22 12 70 24 26 91 60 100 58 65 39 49 90 50 19 8 41 55 67 95 82 5 40 48 7 34 54 37 46 45 16 32 88 75 6 62 99 86 85 10 69 21 59
783
69 55 26 72 77 25 85 15 29 45 67 96 42 5 22 93 89 8 64 71 57 91 18 54 41 23 63 90 4 62 86 28 13 7 47 17 99 59 1 44 36 66 9 14 53 39 68 40 16 56 32 78 19 2 30 74 11 43 33 82 35 60 61 6 27 50 70 3 52 83 65 79 49 48 100 46 88 12 73 20 31 10 80 58 76 34 92 97 98 38 37 84 21 94 81 51 95 87 24 75
744
42 43 55 86 57 89 7 52 29 8 71 33 67 90 61 40 64 69 66 80 47 27 32 92 45 48 74 38 78 19 49 36 30 12 18 41 60 6 58 68 81 9 77 11 22 5 97 56 76 1 20 88 25 87 3 13 72 100 79 44 70 35 2 99 26 91 98 94 95 73 85 93 15 17 82 24 83 14 51 31 65 23 59 50 37 53 75 10 21 62 84 34 46 39 96 4 54 63 28 16
791
94 2 91 48 28 69 59 99 84 12 35 83 73 76 79 16 75 26 40 82 63 90 50 3 15 7 68 64 27 20 17 56 36 31 25 24 60 32 74 49 39 8 18 53 58 14 37 57 52 65 88 92 1 100 4 87 55 85 62 77 54 38 11 61 13 6 9 42 43 5 78 33 10 66 80 44 95 51 72 71 81 47 93 67 41 86 89 30 97 46 34 98 29 22 23 19 21 45 70 96
735
34 2 10 85 75 93 55 25 61 54 82 87 30 32 79 41 38 84 50 39 91 95 96 78 58 65 12 89 74 5 70 11 35 63 99 3 37 14 16 20 23 94 77 68 18 1 62 46 29 52 6 76 80 60 42 51 71 92 33 21 69 48 73 53 98 56 31 100 59 64 28 45 47 57 27 88 24 72 36 13 90 19 97 8 86 15 66 7 67 9 49 4 40 22 81 17 26 43 83 44
732
84 97 46 62 67 42 1 14 58 43 100 55 19 98 57 81 88 11 39 76 77 91 17 28 52 12 80 36 60 71 10 47 93 7 27 30 16 70 99 92 32 63 24 9 53 41 79 51 21 74 82 15 5 78 73 90 75 3 94 50 2 87 85 20 37 18 31 33 23 89 38 68 48 45 44 40 56 22 83 64 96 25 95 29 13 59 61 26 69 49 4 86 6 34 65 35 72 8 54 66
794
94 49 38 10 91 72 33 51 82 36 70 86 64 57 18 95 31 30 67 19 37 76 59 99 79 97 75 56 58 55 12 26 3 9 29 21 8 40 92 23 52 45 66 78 81 13 41 83 6 50 39 46 54 100 24 77 71 68 47 32 93 88 22 42 62 17 44 73 14 20 69 15 74 35 11 96 90 98 89 16 28 27 87 43 4 80 2 7 84 60 63 34 65 25 85 5 1 48 53 61
722
16 42 68 76 60 73 99 58 45 37 23 95 55 43 4 93 81 7 80 33 65 85 25 87 38 15 29 82 53 18 28 31 86 89 57 59 44 41 79 24 11 78 5 94 51 17 64 39 10 63 91 67 20 88 49 98 2 97 83 13 90 35 52 3 72 66 75 77 96 22 12 19 46 27 70 30 92 9 34 47 36 21 62 8 56 1 54 69 14 50 84 26 48 100 61 74 32 40 6 71
726
28 42 4 51 60 50 57 29 65 59 13 12 63 38 14 97 32 43 70 58 78 95 20 64 24 67 44 3 74 55 49 15 5 11 53 36 46 17 90 27 79 35 2 21 80 48 88 81 94 73 83 84 23 99 87 40 41 16 47 9 6 93 7 31 89 77 52 92 18 91 76 37 82 68 62 75 61 98 19 30 100 69 71 54 26 8 34 85 10 39 86 56 33 96 72 1 45 66 25 22
780
48 55 94 33 20 24 37 9 86 46 71 82 98 56 38 90 70 43 68 95 80 89 32 13 21 91 75 3 27 16 64 84 54 5 18 4 17 22 92 65 34 50 96 25 28 14 11 47 88 40 36 6 30 74 77 41 100 87 23 97 59 83 81 42 53 45 2 7 60 58 79 12 15 29 66 57 78 26 69 19 39 99 49 10 62 1 51 85 73 44 8 76 31 67 72 61 63 35 93 52
755
75 80 39 45 8 88 17 52 34 42 21 87 73 76 100 46 24 84 19 93 56 94 3 96 69 2 57 26 14 1 62 92 86 7 78 70 23 35 25 50 29 40 32 16 27 30 44 90 71 66 97 67 51 72 53 49 48 20 37 99 33 4 54 5 36 83 77 31 41 9 95 13 63 10 6 60 55 74 91 79 89 64 22 65 11 15 68 58 85 82 59 98 47 28 43 38 61 12 18 81
772
10 89 78 48 49 60 80 90 7 53 24 6 28 100 70 52 75 13 9 45 39 44 97 34 37 69 77 2 93 33 19 85 72 58 30 59 11 12 21 96 5 62 51 64 4 47 23 27 41 46 99 76 88 65 15 40 61 94 63 1 87 42 3 55 25 32 17 38 20 68 82 91 16 95 66 43 57 98 35 29 8 83 31 36 73 50 54 18 71 56 74 81 86 26 84 22 79 92 14 67
725
73 45 33 70 38 10 14 41 48 98 27 2 96 53 40 65 64 20 68 43 99 85 16 59 62 8 94 9 26 25 54 30 32 42 72 75 80 82 97 39 24 5 76 88 90 7 78 100 74 15 4 67 18 49 28 47 6 44 55 61 17 56 87 31 3 35 12 29 46 69 57 91 36 66 50 89 34 81 23 63 1 93 37 52 92 21 84 51 79 86 95 58 19 77 71 13 60 11 83 22
960
35 25 53 6 40 18 61 20 72 1 75 69 46 5 51 52 31 65 48 89 12 44 13 86 21 19 57 87 2 42 11 97 4 47 80 93 28 83 56 27 45 88 15 9 90 70 7 82 33 74 62 68 43 84 98 96 17 100 99 59 16 24 32 66 10 34 78 55 64 39 92 3 29 26 73 8 60 67 49 37 76 22 95 77 63 36 71 23 91 30 81 54 79 85 58 38 41 94 50 14
768
78 25 94 10 98 40 43 61 24 6 50 7 27 68 65 73 75 34 19 52 45 54 72 80 59 63 86 20 32 30 42 9 47 88 29 17 49 95 3 100 13 14 46 85 58 23 1 99 16 64 57 48 4 74 53 51 62 41 84 92 90 55 28 71 5 56 83 26 67 37 60 89 69 76 87 12 77 8 81 82 38 18 93 36 97 70 35 21 96 11 39 2 91 44 15 66 31 22 33 79
713
32 23 46 55 54 61 86 93 69 7 77 72 25 58 10 12 82 59 92 74 89 80 29 38 27 18 48 13 51 42 3 100 85 71 33 26 83 98 76 94 21 36 34 95 22 65 45 41 75 56 47 52 57 39 70 68 66 43 49 17 78 53 28 31 84 88 20 87 14 99 19 79 62 50 24 97 63 60 30 64 16 6 96 8 91 1 4 37 40 15 2 9 90 44 11 67 81 5 35 73
754
30 85 52 13 68 10 36 51 64 48 37 27 71 7 95 99 31 35 96 88 98 38 72 41 65 18 19 33 61 6 40 42 74 67 58 93 28 70 80 86 81 21 49 83 62 77 100 24 5 29 45 92 8 11 53 56 23 14 84 69 22 59 78 15 17 26 91 94 79 20 66 73 60 9 89 25 57 87 12 43 32 47 50 44 46 75 1 4 3 76 39 82 2 97 55 63 54 90 34 16
